DateTime,Entries,UniqueIPs
1501265567,38,117892
1501265567,38,117892
1508182070,39,118148
