DateTime,Entries,UniqueIPs
1501265567,1353,8938664
1501265567,1353,8938664
1501586652,1351,8850600
1504253298,1323,8579720
1504504992,1317,8413064
1506799075,1345,9256071
1508182070,1503,9344903
