DateTime,Entries,UniqueIPs
1506643348,1724,1817
1506647008,1723,1816
1506654208,1720,1813
1506657808,1719,1812
1506661348,1718,1811
1506664948,1719,1812
1506668533,1718,1811
1506672194,1721,1814
1506675733,1722,1815
1506679393,1720,1813
1506682934,1720,1813
1506686594,1721,1814
1506690194,1722,1815
1506697394,1726,1819
1506700994,1727,1820
1506704594,1725,1818
1506711794,1724,1817
1506715394,1728,1821
1506718994,1728,1821
1506722594,1730,1823
1506729794,1729,1822
1506733334,1730,1823
1506736936,1727,1820
1506740595,1728,1821
1506744195,1727,1820
1506751394,1728,1821
1506754935,1727,1820
1506758594,1727,1820
1506765794,1727,1820
1506769394,1724,1817
1506772995,1722,1815
1506776595,1721,1814
1506783795,1720,1813
1506787335,1721,1815
1506790995,1722,1816
1506794595,1725,1819
1506798195,1726,1820
1506801735,1724,1818
1506805395,1722,1816
1506808996,1720,1814
1506812535,1721,1815
1506823396,1718,1812
1506826995,1719,1813
1506830536,1718,1812
1506834196,1721,1815
1506837796,1715,1809
1506841396,1717,1811
1506844996,1716,1810
1506848596,1717,1811
1506852196,1715,1808
1506859397,1715,1808
1506862997,1716,1809
1506866596,1716,1809
1506870196,1718,1811
1506873796,1718,1811
1506880997,1720,1813
1506884596,1717,1810
1506891796,1716,1809
1506895337,1717,1810
1506898936,1718,1811
1506906136,1717,1810
1506909736,1719,1812
1506913397,1717,1810
1506916997,1721,1814
1506920597,1723,1816
1506924197,1723,1816
1506927797,1722,1815
1506931397,1723,1816
1506934997,1725,1818
1506938537,1725,1818
1506942197,1720,1813
1506952997,1719,1812
1506956597,1720,1812
1506960137,1721,1813
1506963737,1722,1814
1506967397,1719,1811
1506970937,1720,1812
1506974597,1722,1814
1506978197,1721,1813
1506981737,1725,1817
1506985337,1724,1817
1506988937,1725,1817
1506996198,1726,1818
1506999798,1724,1816
1507003398,1728,1820
1507006998,1729,1821
1507010598,1730,1822
1507014198,1728,1820
1507017798,1730,1822
1507021398,1728,1820
1507028598,1730,1826
1507032138,1734,1830
1507035738,1733,1830
1507042998,1735,1832
1507046598,1738,1835
1507050198,1737,1834
1507053738,1738,1835
1507057338,1742,1839
1507060998,1738,1835
1507064598,1742,1841
1507068198,1745,1844
1507071798,1746,1845
1507075345,1747,1846
1507078945,1748,1847
1507082605,1749,1848
1507086205,1748,1847
1507089805,1749,1848
1507093405,1750,1849
1507096945,1750,1849
1507100612,1751,1850
1507104212,1752,1851
1507107812,1750,1849
1507111412,1749,1848
1507115012,1747,1846
1507118552,1749,1848
1507125812,1746,1845
1507129412,1749,1848
1507133012,1748,1847
1507140152,1746,1845
1507147412,1747,1846
1507151012,1748,1847
1507154612,1748,1847
1507161753,1746,1845
1507169013,1744,1843
1507172613,1745,1844
1507176153,1744,1843
1507179753,1745,1844
1507183413,1746,1845
1507187013,1746,1845
1507190613,1748,1847
1507194213,1748,1847
1507197813,1746,1845
1507201413,1748,1847
1507205013,1749,1848
1507212153,1748,1847
1507215813,1751,1850
1507219413,1749,1848
1507222953,1750,1849
1507226613,1749,1847
1507233754,1749,1847
1507240954,1748,1846
1507244554,1747,1845
1507248154,1749,1847
1507251754,1751,1849
1507255354,1752,1850
1507258954,1750,1848
1507262554,1751,1849
1507266154,1753,1851
1507269814,1756,1854
1507273414,1751,1849
1507277014,1752,1850
1507280554,1750,1848
1507287814,1749,1847
1507291414,1750,1848
1507295014,1747,1845
1507298554,1747,1845
1507302154,1748,1846
1507305814,1750,1848
1507309354,1749,1847
1507313014,1753,1851
1507316614,1749,1846
1507320154,1747,1844
1507323815,1749,1846
1507327415,1747,1844
1507334555,1746,1843
1507338215,1745,1842
1507341755,1748,1845
1507345355,1751,1848
1507348955,1750,1847
1507356215,1747,1844
1507359755,1749,1846
1507363355,1747,1844
1507367015,1748,1845
1507370555,1749,1846
1507374215,1748,1845
1507377755,1750,1847
1507381415,1748,1845
1507384955,1751,1848
1507388615,1751,1848
1507395815,1753,1850
1507403015,1751,1848
1507410216,1750,1847
1507413816,1750,1847
1507417416,1751,1848
1507424556,1752,1850
1507428156,1750,1848
1507431816,1751,1849
1507435356,1755,1853
1507442616,1751,1849
1507446156,1754,1852
1507449756,1756,1854
1507453356,1756,1854
1507456956,1754,1852
1507460556,1757,1855
1507464156,1756,1854
1507471356,1758,1856
1507475016,1757,1855
1507478556,1760,1858
1507482156,1758,1856
1507485816,1759,1857
1507489416,1756,1853
1507492956,1758,1855
1507496557,1758,1855
1507500157,1757,1854
1507503817,1758,1855
1507510957,1760,1857
1507514557,1755,1852
1507518217,1753,1850
1507521757,1754,1851
1507525417,1756,1853
1507528957,1757,1854
1507532557,1758,1855
1507536217,1753,1850
1507540263,1751,1848
1507543382,1755,1852
1507546984,1754,1851
1507554124,1753,1850
1507557783,1753,1850
1507564983,1753,1851
1507568583,1754,1852
1507572183,1753,1851
1507575783,1749,1847
1507579383,1752,1850
1507582924,1751,1849
1507586524,1752,1850
1507590124,1751,1849
1507593784,1748,1846
1507597384,1749,1847
1507600984,1748,1846
1507608184,1749,1847
1507611784,1750,1848
1507615384,1751,1849
1507618984,1750,1848
1507622584,1748,1846
1507626124,1751,1849
1507629784,1749,1847
1507633924,1752,1850
1507636984,1748,1846
1507644184,1749,1847
1507651384,1751,1849
1507658524,1754,1852
1507662184,1754,1852
1507665784,1753,1851
1507669384,1753,1851
1507672985,1753,1851
1507676584,1755,1853
1507687385,1756,1854
1507690985,1758,1856
1507694585,1758,1856
1507698185,1760,1858
1507701786,1759,1857
1507705385,1763,1861
1507708985,1761,1859
1507712585,1764,1862
1507716185,1767,1865
1507719725,1768,1866
1507723445,1767,1865
1507726985,1769,1867
1507730585,1769,1867
1507734185,1770,1868
1507737786,1771,1869
1507741386,1771,1869
1507748586,1771,1869
1507752126,1774,1872
1507755786,1774,1872
1507759386,1772,1870
1507762986,1770,1868
1507766587,1770,1868
1507770127,1770,1868
1507773786,1768,1866
1507777387,1772,1870
1507780986,1769,1867
1507788186,1768,1866
1507791727,1770,1868
1507795327,1772,1871
1507806198,1771,1870
1507813396,1771,1870
1507816996,1770,1869
1507820593,1771,1870
1507824195,1769,1868
1507831393,1768,1867
1507834933,1768,1867
1507838594,1769,1867
1507842194,1766,1864
1507845794,1767,1865
1507849395,1768,1866
1507852994,1769,1867
1507856597,1768,1866
1507863794,1767,1865
1507867396,1768,1866
1507870995,1764,1862
1507874596,1765,1863
1507878195,1760,1858
1507885395,1757,1855
1507888995,1759,1857
1507892595,1759,1857
1507896195,1763,1861
1507899795,1767,1865
1507903395,1770,1869
1507906995,1770,1869
1507910596,1769,1868
1507917795,1769,1868
1507921395,1770,1869
1507924995,1768,1867
1507928535,1764,1863
1507932195,1760,1859
1507935795,1756,1855
1507939395,1757,1856
1507946604,1755,1854
1507950196,1757,1856
1507957336,1757,1856
1507960936,1758,1857
1507964536,1771,1870
1507968196,1772,1871
1507971796,1771,1870
1507975396,1772,1871
1507978936,1771,1870
1507982596,1772,1871
1507986196,1769,1868
1507989796,1771,1870
1507993336,1769,1868
1507996937,1770,1869
1508000597,1769,1868
1508004196,1779,1878
1508007797,1791,1890
1508011397,1785,1884
1508014997,1787,1886
1508018597,1783,1882
1508022197,1785,1884
1508025736,1785,1884
1508032999,1786,1885
1508036598,1788,1887
1508040197,1788,1887
1508043797,1789,1888
1508047397,1786,1885
1508050997,1790,1889
1508054537,1790,1889
1508058197,1791,1890
1508061797,1788,1887
1508065398,1790,1889
1508068937,1790,1889
1508076197,1790,1889
1508083399,1789,1888
1508086937,1790,1889
1508090597,1787,1886
1508094197,1786,1885
1508097798,1787,1886
1508101338,1788,1887
1508104938,1788,1887
1508108597,1787,1886
1508112197,1785,1882
1508115798,1783,1880
1508119338,1779,1876
1508122938,1780,1877
1508126538,1780,1877
1508133798,1772,1869
1508137338,1774,1871
1508140938,1774,1871
1508144599,1777,1874
1508148199,1778,1875
1508155399,1779,1876
1508158998,1781,1878
1508162599,1783,1880
1508166199,1784,1882
1508180540,1784,1882
1508187799,1784,1882
1508191399,1782,1880
1508195000,1781,1879
1508202200,1780,1878
1508205739,1781,1879
1508209340,1781,1879
1508212939,1779,1877
1508216599,1781,1879
1508220199,1778,1876
1508223799,1778,1876
1508227400,1779,1877
1508231000,1777,1875
1508238141,1779,1877
1508241740,1782,1880
1508249000,1781,1879
1508252600,1782,1880
1508256200,1783,1881
1508259800,1790,1891
1508263341,1789,1890
1508267000,1789,1890
1508270600,1790,1891
1508274140,1791,1892
1508277741,1791,1892
1508281400,1792,1893
1508284940,1793,1894
1508288601,1792,1893
1508292140,1793,1894
1508295741,1795,1896
1508297480,1794,1895
1508302940,1792,1893
1508310201,1793,1894
1508313800,1796,1897
1508317341,1795,1896
1508321001,1792,1893
1508328201,1793,1894
1508331801,1795,1896
1508335401,1798,1899
1508338942,1800,1901
1508342601,1800,1901
1508349741,1802,1903
1508353401,1804,1905
1508357001,1803,1904
1508360601,1802,1903
1508367741,1796,1897
1508371402,1799,1900
1508375005,1800,1901
1508378602,1801,1902
1508382202,1804,1905
1508389402,1804,1905
1508393002,1804,1905
1508396542,1803,1904
1508400142,1803,1904
1508403742,1801,1902
1508407342,1800,1901
1508411002,1801,1902
1508414542,1802,1903
1508418203,1805,1906
1508428942,1803,1904
1508432543,1806,1907
1508436203,1807,1908
1508439802,1809,1910
1508443402,1805,1906
1508447002,1807,1908
1508450543,1806,1907
1508454203,1805,1906
1508457802,1807,1908
1508464942,1805,1906
1508468542,1807,1908
1508472203,1805,1906
1508479343,1808,1909
1508483003,1807,1908
1508486603,1808,1909
1508490203,1804,1905
1508497403,1802,1903
1508501003,1804,1905
1508504603,1803,1904
1508511803,1806,1907
1508515403,1807,1908
1508519003,1806,1906
1508519864,1807,1907
1508526203,1803,1903
1508529803,1806,1906
1508533403,1801,1901
1508537003,1801,1901
1508540543,1804,1904
1508544203,1804,1904
1508547805,1806,1906
1508551404,1804,1904
1508554944,1805,1905
1508558604,1805,1905
1508562204,1802,1902
1508565804,1803,1903
1508569404,1804,1904
1508576544,1803,1903
1508580144,1804,1904
1508583744,1802,1902
1508590944,1803,1903
1508594604,1805,1905
1508601804,1803,1903
1508605344,1806,1906
1508609005,1803,1903
1508612545,1804,1904
1508616145,1808,1908
1508619805,1810,1910
1508623406,1803,1903
1508630604,1802,1902
1508634204,1801,1901
1508637805,1799,1899
1508641404,1800,1900
1508644945,1797,1897
1508652206,1794,1894
1508655745,1795,1895
1508659345,1792,1892
1508662945,1802,1902
1508666606,1801,1901
1508670205,1804,1904
1508673806,1804,1904
1508677345,1807,1907
1508684546,1808,1908
1508688205,1811,1911
1508691806,1812,1912
1508695406,1811,1911
1508699005,1812,1912
1508702605,1812,1912
1508706206,1810,1910
1508713346,1809,1909
1508717006,1809,1909
1508724146,1807,1904
1508727746,1808,1904
1508731406,1809,1905
1508738606,1805,1901
1508742146,1806,1902
1508745806,1805,1901
1508749406,1806,1902
1508752946,1802,1898
